100 100 100 101 102 102 102 105 106 111 116 118 116 120 122 120 118 118 123 123 
104 101 101 100 101 102 102 104 105 107 111 116 115 118 119 119 119 117 118 121 
108 103 102 102 100 102 101 102 102 103 106 112 114 115 116 118 118 117 118 119 
111 106 104 101 100 99 101 100 101 103 105 106 110 114 114 115 117 116 118 117 
114 109 107 105 103 99 98 98 99 102 102 105 108 110 111 112 113 116 115 117 
115 113 109 108 105 102 99 98 97 100 101 102 106 109 110 111 112 113 114 114 
120 117 114 109 108 105 101 98 96 97 98 100 101 106 107 108 109 112 112 112 
124 121 116 113 111 109 105 100 97 96 98 99 101 102 106 108 109 111 110 111 
125 123 121 115 112 110 109 104 99 96 95 97 100 100 102 106 107 109 111 110 
123 122 122 120 114 111 111 108 103 98 95 95 98 100 99 102 106 108 109 110 
126 123 121 121 119 115 113 109 107 101 98 96 96 98 100 101 102 105 106 108 
128 125 122 122 119 116 113 110 108 104 100 99 97 97 97 98 100 102 103 106 
128 127 125 122 120 118 114 113 110 107 104 101 98 98 96 97 99 101 101 102 
130 128 126 125 121 119 117 115 113 111 106 103 101 100 99 97 97 99 101 100 
129 130 129 127 125 120 119 116 114 111 109 105 102 101 101 98 96 96 99 100 
132 129 129 128 127 124 122 118 116 112 109 107 104 101 102 101 99 96 96 99 
136 133 131 130 127 126 123 121 118 115 112 109 105 102 101 100 100 97 96 97 
135 134 133 131 130 126 124 123 120 117 115 111 109 105 103 102 99 99 97 95 
137 134 132 133 132 128 125 123 121 120 118 115 112 109 104 102 100 99 98 96 
140 137 134 132 133 132 128 126 122 120 120 116 114 112 108 103 101 99 98 98 
